0.000000000000000000e+00
1.998829103619925718e-03
5.986174237158743520e-03
9.952783369638534827e-03
1.389216512432097164e-02
1.779821697741496705e-02
2.166509401977656513e-02
2.548722904172000606e-02
2.925933529412802492e-02
3.297634470969501574e-02
3.663368413068696788e-02
4.022728444243688084e-02
4.375364454455748370e-02
4.720928005638265479e-02
5.059099938116771999e-02
5.389597059127548828e-02
5.712124894842010581e-02
6.026429288524752514e-02
6.332281930885921839e-02
6.629487052411243975e-02
6.917865009070392479e-02
7.197274353149928083e-02
7.467621169368296452e-02
7.728847213777727265e-02
7.980918255998993571e-02
8.223823615246192431e-02
8.457556225805870631e-02
8.682126479090371274e-02
8.897571105811903636e-02
9.103932702325324977e-02
9.301263402510395739e-02
9.489625860284162107e-02
9.669097564145891222e-02
9.839765126541749618e-02
1.000173451424440085e-01
1.015511549916210676e-01
1.030002668289849016e-01
1.043659674256821324e-01
1.056497348358724775e-01
1.068531900982454402e-01
1.079779538487855156e-01
1.090256139742680347e-01
1.099978624397499466e-01
1.108964716278169199e-01
1.117232522864853167e-01
1.124800454533136096e-01
1.131686876491714427e-01
1.137910123532171469e-01
1.143488002432560130e-01
1.148437831541691684e-01
1.152776707873981732e-01
1.156521784769982963e-01
1.159690267629206600e-01
1.162298994441759020e-01
1.164364852376892912e-01
1.165904567336889242e-01
1.166934737048228310e-01
1.167471699428852261e-01
1.167531587226442596e-01
1.167130364558229133e-01
1.166283858747856061e-01
1.165007681729972322e-01
1.163317186090917915e-01
1.161227446562956289e-01
1.158753147813679218e-01
1.155908601199980568e-01
1.152707862145491702e-01
1.149164751905862869e-01
1.145292912291686060e-01
1.141105245933377310e-01
1.136614347745425746e-01
1.131832894658573313e-01
1.126773179291251370e-01
1.121446981356840900e-01
1.115866119610884194e-01
1.110042110641131369e-01
1.103986419219378096e-01
1.097710010505596745e-01
1.091224177227774761e-01
1.084540565593369449e-01
1.077670740098957414e-01
1.070625839446048833e-01
1.063416808974837341e-01
1.056054059567451270e-01
1.048547414294305341e-01
1.040905750497711918e-01
1.033136961155793759e-01
1.025249075945067756e-01
1.017249885583852709e-01
1.009145941460533463e-01
1.000943220936385269e-01
9.926473832541181375e-02
9.842636339625687736e-02
9.757972638754706940e-02
9.672533501354890761e-02
9.586370069471569777e-02
9.499531342325105709e-02
9.412064445009403479e-02
9.324014319122092553e-02
9.235428832592861015e-02
9.146357963237225497e-02
9.056847192693491533e-02
8.966941547155987680e-02
8.876683589831398102e-02
8.786120898713298266e-02
8.695296057554341429e-02
8.604246853443357768e-02
8.513015568827961288e-02
8.421642880139973419e-02
8.330170279795627575e-02
8.238638779971926840e-02
8.147076369789602035e-02
8.055514548700992705e-02
7.963983953445655239e-02
7.872509655702915332e-02
7.781117301689483012e-02
7.689839272348272803e-02
7.598702107889881985e-02
7.507723226227165647e-02
7.416922293016299517e-02
7.326315160069307719e-02
7.235920848936336358e-02
7.145753058936785140e-02
7.055824771110713600e-02
6.966150647965296816e-02
6.876744454602275181e-02
6.787618228848323054e-02
6.698784465379249708e-02
6.610246958154093744e-02
6.522008409362457793e-02
6.434064838899532235e-02
6.346416694417816862e-02
6.259061236777516135e-02
6.172003011883925999e-02
6.085249133183577575e-02
5.998807344207815473e-02
5.912685440028627587e-02
5.826893676069829636e-02
5.741442124007520298e-02
5.656342699959766851e-02
5.571605101927777637e-02
5.487242947895917822e-02
5.403273224001529929e-02
5.319708150170371352e-02
5.236555547963376439e-02
5.153822133898523089e-02
5.071519688383323288e-02
4.989654866258968341e-02
4.908233515970571864e-02
4.827262712251158966e-02
4.746746182110838513e-02
4.666686098256606768e-02
4.587089979886532776e-02
4.507973659250548437e-02
4.429347229574080030e-02
4.351220715240552289e-02
4.273604586345413486e-02
4.196509106438116310e-02
4.119942495140802019e-02
4.043912880367571405e-02
3.968430575959282225e-02
3.893502663487016097e-02
3.819138608267480528e-02
3.745348871680004299e-02
3.672144150784757005e-02
3.599536786499370200e-02
3.527538492972745465e-02
3.456160952885470317e-02
3.385412257141701825e-02
3.315298908022871333e-02
3.245825983685415861e-02
3.176995543150769319e-02
3.108813071335592843e-02
3.041277156561539297e-02
2.974385656694490676e-02
2.908134635872375306e-02
2.842523750235655122e-02
2.777555037887457015e-02
2.713231110175104085e-02
2.649556349437772254e-02
2.586535808049821722e-02
2.524176478377834765e-02
2.462489603956705131e-02
2.401485924292431906e-02
2.341175485719959939e-02
2.281570729014991902e-02
2.222680747427878759e-02
2.164515645793958776e-02
2.107089935104937070e-02
2.050416556255236361e-02
1.994505544161771088e-02
1.939365431203088005e-02
1.885005781772685143e-02
1.831435105982164371e-02
1.778661835798767826e-02
1.726690893960376033e-02
1.675525724154608431e-02
1.625166221786429263e-02
1.575615686506713978e-02
1.526876205093003966e-02
1.478947396088320376e-02
1.431819791376530600e-02
1.385485917932734352e-02
1.339939298085003963e-02
1.295172171028814191e-02
1.251178841392615662e-02
1.207951761917176389e-02
1.165481546426928167e-02
1.123759645934387097e-02
1.082777877219697794e-02
1.042528850883977717e-02
1.003005310790083815e-02
9.642019245618851583e-03
9.261122890882425226e-03
8.887288957846345774e-03
8.520445643603845320e-03
8.160517860398147638e-03
7.807443668963326422e-03
7.461173541121805114e-03
7.121665471553815206e-03
6.788851670919116531e-03
6.462643099102683211e-03
6.142946145206991219e-03
5.829663664554998390e-03
5.522708002914890855e-03
5.221960051029593194e-03
4.927293147530422031e-03
4.638585926381577108e-03
4.355712030281995092e-03
4.078553954693807902e-03
3.807003271485835325e-03
3.540962575430860008e-03
3.280340774836642409e-03
3.025056923041743659e-03
2.775041343075072484e-03
2.530226436800260895e-03
2.290556426975932057e-03
2.055963139271887920e-03
1.826374610986296679e-03
1.601716758534029415e-03
1.381921071642475303e-03
1.166914519969228931e-03
9.566190310241250248e-04
7.509818576894699681e-04
5.499399145280537034e-04
3.534327202678339691e-04
1.613842254687935769e-04
-2.626878496644180884e-05
-2.095840915749659986e-04
-3.886181796527992814e-04
-5.634111342560937539e-04
-7.340126677626152008e-04
-9.004741741341545360e-04
-1.062846417618944304e-03
-1.221180112188602037e-03
-1.375519096473876591e-03
-1.525899712771774160e-03
-1.672344314896189723e-03
-1.814872599148956937e-03
-1.953498586631118375e-03
-2.088244109538781642e-03
-2.219128357044251702e-03
-2.346176096907458784e-03
-2.469415417327081724e-03
-2.588872677947638441e-03
-2.704579588267808088e-03
-2.816569555347201922e-03
-2.924872837522175546e-03
-3.029514924575904197e-03
-3.130521920809607641e-03
-3.227931417782532383e-03
-3.321781029914203705e-03
-3.412107258203156933e-03
-3.498946862683967839e-03
-3.582346169090572414e-03
-3.662346679754127903e-03
-3.738992998831108978e-03
-3.812330669867909465e-03
-3.882407171751622518e-03
-3.949265775247776979e-03
-4.012954676151553150e-03
-4.073520614283202175e-03
-4.131011959533764481e-03
-4.185481025222732333e-03
-4.236981584976260914e-03
-4.285568192029198115e-03
-4.331296553882017612e-03
-4.374224072843855421e-03
-4.414408004258225590e-03
-4.451903786543644562e-03
-4.486765126005112791e-03
-4.519044998405752876e-03
-4.548796783178233119e-03
-4.576072479607780179e-03
-4.600923429306146874e-03
-4.623400626475690500e-03
-4.643553443272817674e-03
-4.661429461383930981e-03
-4.677076224705520313e-03
-4.690540124735937712e-03
-4.701866639275117943e-03
-4.711098880241153773e-03
-4.718278701550096890e-03
-4.723446190358158124e-03
-4.726640472983989483e-03
-4.727900083570144886e-03
-4.727262561114592594e-03
-4.724764787945042767e-03
-4.720443255238781013e-03
-4.714333985215590772e-03
-4.706472454979769744e-03
-4.696893607883178418e-03
-4.685631788866253568e-03
-4.672721819502215559e-03
-4.658198994066677610e-03
-4.642099306410090234e-03
-4.624458820811835728e-03
-4.605314374710575177e-03
-4.584703942788381087e-03
-4.562667033862882401e-03
-4.539241367427672771e-03
-4.514464347757799270e-03
-4.488371605636214470e-03
-4.460997775761243837e-03
-4.432377103066690964e-03
-4.402543668656406367e-03
-4.371531605577331885e-03
-4.339376423085206450e-03
-4.306111847737188227e-03
-4.271770668145372617e-03
-4.236383498870788245e-03
-4.199982706089326438e-03
-4.162602391857543431e-03
-4.124274708628099598e-03
-4.085031560202015237e-03
-4.044905039669173009e-03
-4.003925612440547253e-03
-3.962124199617660103e-03
-3.919535218961674346e-03
-3.876194433374491582e-03
-3.832134793551130684e-03
-3.787389596714253910e-03
-3.741995120726107193e-03
-3.695988245107027868e-03
-3.649405748542122480e-03
-3.602288425525597328e-03
-3.554674464276825607e-03
-3.506600671793854828e-03
-3.458102853711785083e-03
-3.409213485526905920e-03
-3.359963197572110680e-03
-3.310379213090342693e-03
-3.260486674764477306e-03
-3.210313609561523882e-03
-3.159886405223388903e-03
-3.109225882112927157e-03
-3.058355392962544030e-03
-3.007295835113899581e-03
-2.956070270370602521e-03
-2.904702658452189366e-03
-2.853217916933051095e-03
-2.801640218163032117e-03
-2.749993478150537449e-03
-2.698298702527621162e-03
-2.646576487006422913e-03
-2.594845264727254144e-03
-2.543121737612191995e-03
-2.491418485794804141e-03
-2.439747098946527110e-03
-2.388117698482116694e-03
-2.336542352474448980e-03
-2.285036431925614470e-03
-2.233616771239749915e-03
-2.182296574277457855e-03
-2.131088584761332404e-03
-2.080005234723238030e-03
-2.029059971741940544e-03
-1.978264210116889577e-03
-1.927627075907078699e-03
-1.877157657565379925e-03
-1.826868350449168321e-03
-1.776769083925032813e-03
-1.726870004575716249e-03
-1.677176597888547322e-03
-1.627696112153232538e-03
-1.578438663272580238e-03
-1.529414824140942547e-03
-1.480635534212610674e-03
-1.432113374913251318e-03
-1.383859050544894312e-03
-1.335884347253876551e-03
-1.288205646955552230e-03
-1.240842686046547075e-03
-1.193817285944963032e-03
-1.147151355186230154e-03
-1.100865400097597981e-03
-1.054978927425770331e-03
-1.009513157199204035e-03
-9.644855420540242308e-04
-9.199136243455813787e-04
-8.758137457998080039e-04
-8.322001905199671607e-04
1.198138452529850682e-03
5.163863867300451382e-03
9.052124482966784555e-03
1.286324606925508610e-02
1.659724291833165194e-02
2.025435494526092034e-02
2.383467864047609033e-02
2.733831998668251675e-02
3.076563922956829580e-02
3.411681195029961366e-02
3.739218303104671626e-02
4.059184162515077493e-02
4.371606683379988811e-02
4.676530060225382590e-02
4.974007240739129754e-02
5.264080604217152848e-02
5.546773754884396640e-02
5.822098002226933772e-02
6.090064206542702280e-02
6.350675664563384948e-02
6.603937770324526391e-02
6.849855885409701639e-02
7.088427931813282012e-02
7.319656388413167680e-02
7.543553436670853707e-02
7.760148756573247153e-02
7.969471675120126664e-02
8.171574340676665549e-02
8.366498403303823661e-02
8.554278945061961903e-02
8.734958106371625008e-02
8.908584610537341464e-02
9.075218684440733430e-02
9.234921986565915175e-02
9.387760774480474746e-02
9.533797661372614418e-02
9.673097489972941332e-02
9.805737068446747362e-02
9.931782941484637584e-02
1.005129919835775765e-01
1.016435342545055354e-01
1.027102075617887800e-01
1.037137906154839834e-01
1.046551031865785852e-01
1.055349883675582578e-01
1.063543176651917804e-01
1.071140150866787821e-01
1.078150336615815302e-01
1.084583314439715035e-01
1.090448932179915315e-01
1.095757001708028422e-01
1.100517797167001044e-01
1.104741194887032957e-01
1.108437276832328483e-01
1.111616104350073853e-01
1.114287436093816946e-01
1.116461030251245240e-01
1.118146554086120459e-01
1.119353647672710894e-01
1.120091967856504250e-01
1.120371193461621867e-01
1.120201109434361686e-01
1.119591531613936125e-01
1.118552302749287325e-01
1.117093272279656713e-01
1.115224241287557649e-01
1.112955014183771019e-01
1.110295452523160364e-01
1.107255431671458484e-01
1.103844726179276647e-01
1.100073143259398950e-01
1.095950264113749878e-01
1.091485854802033972e-01
1.086689371926915088e-01
1.081569920923886458e-01
1.076135889111474730e-01
1.070395979455012053e-01
1.064358862340346185e-01
1.058033132996104020e-01
1.051427486023757962e-01
1.044550749258347094e-01
1.037411211633730568e-01
1.030017010300214447e-01
1.022375756816159553e-01
1.014494587195329117e-01
1.006380305796714947e-01
9.980394619700075354e-02
9.894785225935724682e-02
9.807048037745089153e-02
9.717250569933150173e-02
9.625460942325052283e-02
9.531747037880121398e-02
9.436173117363470808e-02
9.338805443598847955e-02
9.239714655467591575e-02
9.138975344841557269e-02
9.036667661182948286e-02
8.932871077178883290e-02
8.827660223202450640e-02
8.721107307675438070e-02
8.613286087330551677e-02
8.504269686877607981e-02
8.394122803512203690e-02
8.282902427172020299e-02
8.170656726560408811e-02
8.057439762117392379e-02
7.943300730373370477e-02
7.828287826076511802e-02
7.712444246666907977e-02
7.595802650978124293e-02
7.478399903648291769e-02
7.360271370798897317e-02
7.241456175247922011e-02
7.121987011418218216e-02
7.001898824055552417e-02
6.881226108709075084e-02
6.760005809707862745e-02
6.638277212985357889e-02
6.516080886309971731e-02
6.393463265350109170e-02
6.270463278601633161e-02
6.147112588455683202e-02
6.023441699566692981e-02
5.899477119378460782e-02
5.775245201754566210e-02
5.650769899208572117e-02
5.526085797691474011e-02
5.401233673331494456e-02
5.276267486896465270e-02
5.151242979118506732e-02
5.026211081716008139e-02
4.901225409743537736e-02
4.776346186317804304e-02
4.651639841358897604e-02
4.527161885267809438e-02
4.402977131303109637e-02
4.279151597658462092e-02
4.155742139676002478e-02
4.032801474831372579e-02
3.910369075196053895e-02
3.788487422689759687e-02
3.667197705442855338e-02
3.546538251873993658e-02
3.426540141132721623e-02
3.307241352641275556e-02
3.188683465803793249e-02
3.070908210142983541e-02
2.953950059800688338e-02
2.837848626803608776e-02
2.722636438002931994e-02
2.608342768164127745e-02
2.494993361074869520e-02
2.382609370113092026e-02
2.271205720254087720e-02
2.160793533773952904e-02
2.051376295339115557e-02
1.942964864715421985e-02
1.835563269252114132e-02
1.729175878155537679e-02
1.623809418442146574e-02
1.519467711912349250e-02
1.416162042565463283e-02
1.313900539230153375e-02
1.212693857629786910e-02
1.112554756457229468e-02
1.013496450351342691e-02
9.155346823107118892e-03
8.186844754062500354e-03
7.229634217875929511e-03
6.283869289027303046e-03
5.349659492323250408e-03
4.427148635847744790e-03
3.516420858018437685e-03
2.617569524283401561e-03
1.730713852178304094e-03
8.559960393489307248e-04
-6.446281417077587630e-06
-8.565397898959454387e-04
-1.694130555738362302e-03
-2.519013793417335372e-03
-3.331014715045344746e-03
-4.129912733228331689e-03
-4.915498580779250129e-03
-5.687601396803763053e-03
-6.445976505834348329e-03
-7.190386937705898172e-03
-7.920652018178172757e-03
-8.636623540956300110e-03
-9.338164000502992973e-03
-1.002516130588908955e-02
-1.069751053994046595e-02
-1.135515581332775109e-02
-1.199805611811864681e-02
-1.262618103417258511e-02
-1.323948061302125494e-02
-1.383796047899243410e-02
-1.442167279520245766e-02
-1.499068641050140330e-02
-1.554503708345739491e-02
-1.608475474612666364e-02
-1.660986537401530627e-02
-1.712037594580210348e-02
-1.761626854445590140e-02
-1.809754792779564442e-02
-1.856422578068715745e-02
-1.901635608047603024e-02
-1.945400147529475696e-02
-1.987720676500748240e-02
-2.028598452860812251e-02
-2.068034538421144666e-02
-2.106032784155434032e-02
-2.142596497427387212e-02
-2.177732602254866395e-02
-2.211447492337875742e-02
-2.243747941544848787e-02
-2.274640918454000349e-02
-2.304134499581797849e-02
-2.332236465564746855e-02
-2.358955843068945291e-02
-2.384302853219663967e-02
-2.408287332174716133e-02
-2.430919798706933713e-02
-2.452209450442780977e-02
-2.472168053501464305e-02
-2.490808217959057658e-02
-2.508142837900778979e-02
-2.524184188531050643e-02
-2.538945416375603531e-02
-2.552439428797056986e-02
-2.564680612479773233e-02
-2.575683430546316446e-02
-2.585463679236263065e-02
-2.594038336236870190e-02
-2.601424671184435211e-02
-2.607640857809695803e-02
-2.612705986195309679e-02
-2.616640012355075234e-02
-2.619462574085146614e-02
-2.621193612939251918e-02
-2.621853302777725839e-02
-2.621461746621358072e-02
-2.620039051602108052e-02
-2.617605280213526620e-02
-2.614180478477063155e-02
-2.609784835756362789e-02
-2.604438663946339119e-02
-2.598162193522363800e-02
-2.590976033484430202e-02
-2.582900823332822185e-02
-2.573957735972264710e-02
-2.564168429939071500e-02
-2.553555027639150057e-02
-2.542139963099649888e-02
-2.529945267449119559e-02
-2.516994162611549402e-02
-2.503310098613554038e-02
-2.488916612457390057e-02
-2.473836750693574754e-02
-2.458092999289107627e-02
-2.441706298156637658e-02
-2.424698281429457647e-02
-2.407089201239669476e-02
-2.388897606023228717e-02
-2.370140441435128476e-02
-2.350837284833841995e-02
-2.331007867501586062e-02
-2.310671740394464740e-02
-2.289850000813216380e-02
-2.268561076287302011e-02
-2.246824262167293473e-02
-2.224657470191413605e-02
-2.202078963712970905e-02
-2.179106673277933851e-02
-2.155758147276623168e-02
-2.132051234674158663e-02
-2.108004600909288428e-02
-2.083637359107572140e-02
-2.058968723781438859e-02
-2.034016537710167660e-02
-2.008797044619898761e-02
-1.983325571940650414e-02
-1.957617993295654793e-02
-1.931691376197332624e-02
-1.905564477405849444e-02
-1.879255006781668097e-02
-1.852779215299860116e-02
-1.826152615865609188e-02
-1.799392574316051666e-02
-1.772513540160115114e-02
-1.745531741327536329e-02
-1.718463746618892687e-02
-1.691327065072326108e-02
-1.664139542570941543e-02
-1.636917727962556093e-02
-1.609676692144720173e-02
-1.582429945360489323e-02
-1.555190315130307310e-02
-1.527970483759879226e-02
-1.500781248453914724e-02
-1.473634869170381036e-02
-1.446543247917075198e-02
-1.419517038905639995e-02
-1.392567267146602693e-02
-1.365703800791710255e-02
-1.338936742054243692e-02
-1.312273849631421553e-02
-1.285722734871987127e-02
-1.259292617634151512e-02
-1.232994355789362832e-02
-1.206836357943786263e-02
-1.180827272033186347e-02
-1.154974503057077176e-02
-1.129285527801664885e-02
-1.103770478577047881e-02
-1.078436931809326378e-02
-1.053291275041359949e-02
-1.028341129490991691e-02
-1.003593052232572280e-02
-9.790542854934075959e-03
-9.547319965722259397e-03
-9.306333745551771328e-03
-9.067633756312792198e-03
-8.831254428856048083e-03
-8.597224928524594550e-03
-8.365574924092221767e-03
-8.136341221328165924e-03
-7.909550269787547772e-03
-7.685222042096949424e-03
-7.463353541877304140e-03
-7.243945052209346987e-03
-7.027000079000328241e-03
-6.812530887032289435e-03
-6.600552341311433091e-03
-6.391067108780439793e-03
-6.184090932084562904e-03
-5.979635077152779463e-03
-5.777717700694082539e-03
-5.578360934629923891e-03
-5.381604118893406306e-03
-5.187477487919131547e-03
-4.996020484421153686e-03
-4.807274127126299340e-03
-4.621281292204439985e-03
-4.438073030875734105e-03
-4.257681361371813689e-03
-4.080123419358034145e-03
-3.905413223025456550e-03
-3.733557149172461037e-03
-3.564561856396912965e-03
-3.398431285627642566e-03
-3.235169327694556365e-03
-3.074779061236493014e-03
-2.917264909106907517e-03
-2.762643656086860144e-03
-2.610924213443063715e-03
-2.462111796916998004e-03
-2.316202261006093319e-03
-2.173194125387595092e-03
-2.033074618997402546e-03
-1.895822058587083667e-03
-1.761409021866023553e-03
-1.629812194373913463e-03
-1.500998563788841699e-03
-1.374927989867329994e-03
-1.251562964693065565e-03
-1.130872042206179954e-03
-1.012827180122611052e-03
-8.974064045068168294e-04
-7.845931079545913258e-04
-6.743706152402840484e-04
-5.667134628061371027e-04
-4.616010369180139619e-04
-3.590153910871708579e-04
-2.589461314514867100e-04
-1.613868403637823217e-04
-6.632825269471329110e-05
2.624893333878043156e-05
1.163738317378148302e-04
2.040732763795851615e-04
2.893763978620169210e-04
3.723174762011343449e-04
4.529289810311837089e-04
5.312409082207864355e-04
6.072806528968880020e-04
6.810704863004092124e-04
7.526343122509269014e-04
8.219988156063607687e-04
8.891928878062691681e-04
9.542422542375148323e-04
1.017168283306932753e-03
1.077999248071732918e-03
1.136763835704255200e-03
1.193489753468172671e-03
1.248207310919592248e-03
1.300949386442720951e-03
1.351751376244259700e-03
1.400648276029582218e-03
1.447675372280216250e-03
